Ave_loss = [0.229750394821167, 0.6511344313621521, 0.12812787294387817, 0.058848343789577484, 0.45157772302627563, 0.13375723361968994, 0.05584285408258438, 0.46322283148765564, 0.29778411984443665, 0.10928553342819214, 0.35022175312042236, 0.07415951788425446, 0.39363956451416016, 0.08406473696231842, 0.053904056549072266, 1.2402799129486084, 1.0429021120071411, 0.12322799116373062, 0.11787031590938568, 0.22931548953056335, 0.800372302532196, 0.5202442407608032, 0.3704260587692261, 0.43794727325439453, 0.11080332100391388, 0.047191862016916275, 0.1458463966846466, 0.04591713100671768, 0.392467200756073, 0.12463770061731339, 0.3346950113773346, 0.038158856332302094, 0.08236144483089447, 0.5673461556434631, 0.05677046626806259, 0.04649168252944946, 0.1519610583782196, 0.17182902991771698, 0.24081215262413025, 0.06364592909812927, 0.2796383500099182, 0.16426213085651398, 0.18031327426433563, 0.14775702357292175, 0.9442716836929321, 0.46457964181900024, 0.21194124221801758, 0.3588205873966217, 0.1470578908920288, 0.07409848272800446]
Ave_train = [88.04347826086956, 86.52173913043478, 87.3913043478261, 86.08695652173913, 88.26086956521739, 89.34782608695652, 86.08695652173913, 88.47826086956522, 88.47826086956522, 87.82608695652173, 91.08695652173913, 88.04347826086956, 86.95652173913044, 87.3913043478261, 87.6086956521739, 91.30434782608695, 87.6086956521739, 84.1304347826087, 86.52173913043478, 87.82608695652173, 88.04347826086956, 88.26086956521739, 86.95652173913044, 89.34782608695652, 87.82608695652173, 86.73913043478261, 88.91304347826087, 89.78260869565217, 87.82608695652173, 87.17391304347827, 88.26086956521739, 84.78260869565217, 86.95652173913044, 88.26086956521739, 89.34782608695652, 86.73913043478261, 86.30434782608695, 88.26086956521739, 86.95652173913044, 89.78260869565217, 89.1304347826087, 89.1304347826087, 90.8695652173913, 90.65217391304348, 85.8695652173913, 88.47826086956522, 85.43478260869566, 86.73913043478261, 86.52173913043478, 86.95652173913044]
Ave_test = [95.41666666666667, 89.58333333333333, 95.0, 92.08333333333333, 95.83333333333333, 92.5, 93.33333333333333, 95.0, 95.83333333333333, 95.0, 94.58333333333333, 95.83333333333333, 90.83333333333333, 92.5, 92.08333333333333, 95.0, 91.66666666666667, 95.0, 92.5, 95.83333333333333, 93.75, 88.75, 89.16666666666667, 91.66666666666667, 93.33333333333333, 95.0, 95.0, 96.66666666666667, 90.83333333333333, 89.16666666666667, 92.08333333333333, 93.33333333333333, 91.25, 91.66666666666667, 91.66666666666667, 95.0, 95.83333333333333, 95.83333333333333, 95.83333333333333, 95.83333333333333, 91.25, 94.58333333333333, 95.0, 90.83333333333333, 92.5, 94.16666666666667, 95.0, 95.0, 90.83333333333333, 95.83333333333333]